1 5
1 10
10 50
12 50
100 200
11 250
200 1000
500 1200
700 1500
40 400
80 9999
79 99
23 105
67 204
205 220
270 365
478 567
23 645
44 692
600 956
789 890
123 987
456 798
23 89
54 79
49 91
47 92
50 1500
600 700
6000 7000
2 80
1 63
9 345
56 687
698 709
500 1256
926 1234
736 8192
638 4128
34 9182
67 8172
56 1864
978 1000
476 687
387 647
869 895
628 749
415 827
43 51
5 1
50 10
50 12
200 100
250 11
1000 200
1200 500
1500 700
400 40
9999 80
99 79
105 23
204 67
220 205
365 270
567 478
645 23
692 44
956 600
890 789
987 123
798 456
89 23
79 54
91 49
92 47
1500 50
700 600
7000 6000
80 2
63 1
345 9
687 56
709 698
1256 500
1234 926
8192 736
4128 638
9182 34
8172 67
1864 56
1000 978
687 476
647 387
895 869
749 628
827 415
51 43
2 2
10 10
50 50
51 51
200 200
250 250
1000 1000
1200 1200
1500 1500
400 400
999 999
99 99
105 105
204 204
220 220
365 365
567 567
645 645
692 692
95 95
890 890
987 987
798 789
89 89
79 79
97 97
91 91
92 92
1502 1502
701 701
7001 7001
82 82
64 64
345 345
687 687
709 709
1256 1256
1234 1234
9182 9182
3128 3128
9182 9182
8172 8172
1864 1864
1003 1003
687 687
647 647
895 895
749 749
827 827
53 53
847 847
